13000.000000 10000.000000 43.261840
14205.212532 9603.057780 -0.000027
15000.000000 10000.000000 -0.000000
16000.000000 10000.000000 -0.000000
12578.155380 11134.470005 -0.000322
14000.000000 11000.000000 187.430955
15095.263462 10890.995915 -0.000089
16000.000000 11000.000000 -49.225716
13000.000000 12000.000000 -0.000000
14000.000000 12000.000000 -0.000000
14789.680782 12264.058542 -0.000133
16000.000000 12000.000000 -0.000000
13000.000000 13000.000000 71.181120
14000.000000 13000.000000 -0.000000
15000.000000 13000.000000 -0.000000
16000.000000 13000.000000 -84.734043
