1566.194647 1003.677480 160.570086
3588.473159 2931.104465 -37.397382
-773.598437 2978.713340 84.566790
3180.135502 506.164739 -175.414289
3092.425306 1763.771477 40.437025
3644.871364 -745.399335 -98.287912
-1256.279183 3925.031281 -172.569964
3946.455275 1917.767876 193.603320
101.489303 2011.703848 42.829676
21.835994 2131.275369 -158.128605
-1183.767205 3367.824335 39.472640
3659.154027 3427.701651 57.173376
2676.580096 2821.054720 46.589557
-840.067751 1564.912870 -151.072726
2334.711753 1855.327006 74.349193
